output_folder min_soil_depth_frac log_ksat log_recession_coef stor_cap
code__a__675 0.5 -1 -1 0.625
code__a__676 0.5 -1 -0.5 0.625
code__a__677 0.5 -1 0 0.625
code__a__678 0.5 -1 0.5 0.625
code__a__679 0.5 -1 1 0.625
code__a__680 0.5 -0.75 -1 0.625
code__a__681 0.5 -0.75 -0.5 0.625
code__a__682 0.5 -0.75 0 0.625
code__a__683 0.5 -0.75 0.5 0.625
code__a__684 0.5 -0.75 1 0.625
code__a__685 0.5 -0.5 -1 0.625
code__a__686 0.5 -0.5 -0.5 0.625
code__a__687 0.5 -0.5 0 0.625
code__a__688 0.5 -0.5 0.5 0.625
code__a__689 0.5 -0.5 1 0.625
code__a__690 0.5 -0.25 -1 0.625
code__a__691 0.5 -0.25 -0.5 0.625
code__a__692 0.5 -0.25 0 0.625
code__a__693 0.5 -0.25 0.5 0.625
code__a__694 0.5 -0.25 1 0.625
code__a__695 0.5 0 -1 0.625
code__a__696 0.5 0 -0.5 0.625
code__a__697 0.5 0 0 0.625
code__a__698 0.5 0 0.5 0.625
code__a__699 0.5 0 1 0.625
code__a__700 0.5 0.25 -1 0.625
code__a__701 0.5 0.25 -0.5 0.625
code__a__702 0.5 0.25 0 0.625
code__a__703 0.5 0.25 0.5 0.625
code__a__704 0.5 0.25 1 0.625
code__a__705 0.5 0.5 -1 0.625
code__a__706 0.5 0.5 -0.5 0.625
code__a__707 0.5 0.5 0 0.625
code__a__708 0.5 0.5 0.5 0.625
code__a__709 0.5 0.5 1 0.625
code__a__710 0.5 0.75 -1 0.625
code__a__711 0.5 0.75 -0.5 0.625
code__a__712 0.5 0.75 0 0.625
code__a__713 0.5 0.75 0.5 0.625
code__a__714 0.5 0.75 1 0.625
code__a__715 0.5 1 -1 0.625
code__a__716 0.5 1 -0.5 0.625
code__a__717 0.5 1 0 0.625
code__a__718 0.5 1 0.5 0.625
code__a__719 0.5 1 1 0.625
code__a__720 0.5 -1 -1 0.875
code__a__721 0.5 -1 -0.5 0.875
code__a__722 0.5 -1 0 0.875
code__a__723 0.5 -1 0.5 0.875
code__a__724 0.5 -1 1 0.875
code__a__725 0.5 -0.75 -1 0.875
code__a__726 0.5 -0.75 -0.5 0.875
code__a__727 0.5 -0.75 0 0.875
code__a__728 0.5 -0.75 0.5 0.875
code__a__729 0.5 -0.75 1 0.875
code__a__730 0.5 -0.5 -1 0.875
code__a__731 0.5 -0.5 -0.5 0.875
code__a__732 0.5 -0.5 0 0.875
code__a__733 0.5 -0.5 0.5 0.875
code__a__734 0.5 -0.5 1 0.875
code__a__735 0.5 -0.25 -1 0.875
code__a__736 0.5 -0.25 -0.5 0.875
code__a__737 0.5 -0.25 0 0.875
code__a__738 0.5 -0.25 0.5 0.875
code__a__739 0.5 -0.25 1 0.875
code__a__740 0.5 0 -1 0.875
code__a__741 0.5 0 -0.5 0.875
code__a__742 0.5 0 0 0.875
code__a__743 0.5 0 0.5 0.875
code__a__744 0.5 0 1 0.875
code__a__745 0.5 0.25 -1 0.875
code__a__746 0.5 0.25 -0.5 0.875
code__a__747 0.5 0.25 0 0.875
code__a__748 0.5 0.25 0.5 0.875
code__a__749 0.5 0.25 1 0.875
code__a__750 0.5 0.5 -1 0.875
code__a__751 0.5 0.5 -0.5 0.875
code__a__752 0.5 0.5 0 0.875
code__a__753 0.5 0.5 0.5 0.875
code__a__754 0.5 0.5 1 0.875
code__a__755 0.5 0.75 -1 0.875
code__a__756 0.5 0.75 -0.5 0.875
code__a__757 0.5 0.75 0 0.875
code__a__758 0.5 0.75 0.5 0.875
code__a__759 0.5 0.75 1 0.875
code__a__760 0.5 1 -1 0.875
code__a__761 0.5 1 -0.5 0.875
code__a__762 0.5 1 0 0.875
code__a__763 0.5 1 0.5 0.875
code__a__764 0.5 1 1 0.875
code__a__765 0.5 -1 -1 1.125
code__a__766 0.5 -1 -0.5 1.125
code__a__767 0.5 -1 0 1.125
code__a__768 0.5 -1 0.5 1.125
code__a__769 0.5 -1 1 1.125
code__a__770 0.5 -0.75 -1 1.125
code__a__771 0.5 -0.75 -0.5 1.125
code__a__772 0.5 -0.75 0 1.125
code__a__773 0.5 -0.75 0.5 1.125
code__a__774 0.5 -0.75 1 1.125
code__a__775 0.5 -0.5 -1 1.125
code__a__776 0.5 -0.5 -0.5 1.125
code__a__777 0.5 -0.5 0 1.125
code__a__778 0.5 -0.5 0.5 1.125
code__a__779 0.5 -0.5 1 1.125
code__a__780 0.5 -0.25 -1 1.125
code__a__781 0.5 -0.25 -0.5 1.125
code__a__782 0.5 -0.25 0 1.125
code__a__783 0.5 -0.25 0.5 1.125
code__a__784 0.5 -0.25 1 1.125
code__a__785 0.5 0 -1 1.125
code__a__786 0.5 0 -0.5 1.125
code__a__787 0.5 0 0 1.125
code__a__788 0.5 0 0.5 1.125
code__a__789 0.5 0 1 1.125
code__a__790 0.5 0.25 -1 1.125
code__a__791 0.5 0.25 -0.5 1.125
code__a__792 0.5 0.25 0 1.125
code__a__793 0.5 0.25 0.5 1.125
code__a__794 0.5 0.25 1 1.125
code__a__795 0.5 0.5 -1 1.125
code__a__796 0.5 0.5 -0.5 1.125
code__a__797 0.5 0.5 0 1.125
code__a__798 0.5 0.5 0.5 1.125
code__a__799 0.5 0.5 1 1.125
code__a__800 0.5 0.75 -1 1.125
code__a__801 0.5 0.75 -0.5 1.125
code__a__802 0.5 0.75 0 1.125
code__a__803 0.5 0.75 0.5 1.125
code__a__804 0.5 0.75 1 1.125
code__a__805 0.5 1 -1 1.125
code__a__806 0.5 1 -0.5 1.125
code__a__807 0.5 1 0 1.125
code__a__808 0.5 1 0.5 1.125
code__a__809 0.5 1 1 1.125
code__a__810 0.5 -1 -1 1.375
code__a__811 0.5 -1 -0.5 1.375
code__a__812 0.5 -1 0 1.375
code__a__813 0.5 -1 0.5 1.375
code__a__814 0.5 -1 1 1.375
code__a__815 0.5 -0.75 -1 1.375
code__a__816 0.5 -0.75 -0.5 1.375
code__a__817 0.5 -0.75 0 1.375
code__a__818 0.5 -0.75 0.5 1.375
code__a__819 0.5 -0.75 1 1.375
code__a__820 0.5 -0.5 -1 1.375
code__a__821 0.5 -0.5 -0.5 1.375
code__a__822 0.5 -0.5 0 1.375
code__a__823 0.5 -0.5 0.5 1.375
code__a__824 0.5 -0.5 1 1.375
code__a__825 0.5 -0.25 -1 1.375
code__a__826 0.5 -0.25 -0.5 1.375
code__a__827 0.5 -0.25 0 1.375
code__a__828 0.5 -0.25 0.5 1.375
code__a__829 0.5 -0.25 1 1.375
code__a__830 0.5 0 -1 1.375
code__a__831 0.5 0 -0.5 1.375
code__a__832 0.5 0 0 1.375
code__a__833 0.5 0 0.5 1.375
code__a__834 0.5 0 1 1.375
code__a__835 0.5 0.25 -1 1.375
code__a__836 0.5 0.25 -0.5 1.375
code__a__837 0.5 0.25 0 1.375
code__a__838 0.5 0.25 0.5 1.375
code__a__839 0.5 0.25 1 1.375
code__a__840 0.5 0.5 -1 1.375
code__a__841 0.5 0.5 -0.5 1.375
code__a__842 0.5 0.5 0 1.375
code__a__843 0.5 0.5 0.5 1.375
code__a__844 0.5 0.5 1 1.375
code__a__845 0.5 0.75 -1 1.375
code__a__846 0.5 0.75 -0.5 1.375
code__a__847 0.5 0.75 0 1.375
code__a__848 0.5 0.75 0.5 1.375
code__a__849 0.5 0.75 1 1.375
code__a__850 0.5 1 -1 1.375
code__a__851 0.5 1 -0.5 1.375
code__a__852 0.5 1 0 1.375
code__a__853 0.5 1 0.5 1.375
code__a__854 0.5 1 1 1.375
code__a__855 1 -1 -1 0.625
code__a__856 1 -1 -0.5 0.625
code__a__857 1 -1 0 0.625
code__a__858 1 -1 0.5 0.625
code__a__859 1 -1 1 0.625
code__a__860 1 -0.75 -1 0.625
code__a__861 1 -0.75 -0.5 0.625
code__a__862 1 -0.75 0 0.625
code__a__863 1 -0.75 0.5 0.625
code__a__864 1 -0.75 1 0.625
code__a__865 1 -0.5 -1 0.625
code__a__866 1 -0.5 -0.5 0.625
code__a__867 1 -0.5 0 0.625
code__a__868 1 -0.5 0.5 0.625
code__a__869 1 -0.5 1 0.625
code__a__870 1 -0.25 -1 0.625
code__a__871 1 -0.25 -0.5 0.625
code__a__872 1 -0.25 0 0.625
code__a__873 1 -0.25 0.5 0.625
code__a__874 1 -0.25 1 0.625
code__a__875 1 0 -1 0.625
code__a__876 1 0 -0.5 0.625
code__a__877 1 0 0 0.625
code__a__878 1 0 0.5 0.625
code__a__879 1 0 1 0.625
code__a__880 1 0.25 -1 0.625
code__a__881 1 0.25 -0.5 0.625
code__a__882 1 0.25 0 0.625
code__a__883 1 0.25 0.5 0.625
code__a__884 1 0.25 1 0.625
code__a__885 1 0.5 -1 0.625
code__a__886 1 0.5 -0.5 0.625
code__a__887 1 0.5 0 0.625
code__a__888 1 0.5 0.5 0.625
code__a__889 1 0.5 1 0.625
code__a__890 1 0.75 -1 0.625
code__a__891 1 0.75 -0.5 0.625
code__a__892 1 0.75 0 0.625
code__a__893 1 0.75 0.5 0.625
code__a__894 1 0.75 1 0.625
code__a__895 1 1 -1 0.625
code__a__896 1 1 -0.5 0.625
code__a__897 1 1 0 0.625
code__a__898 1 1 0.5 0.625
code__a__899 1 1 1 0.625
code__a__900 1 -1 -1 0.875
code__a__901 1 -1 -0.5 0.875
code__a__902 1 -1 0 0.875
code__a__903 1 -1 0.5 0.875
code__a__904 1 -1 1 0.875
code__a__905 1 -0.75 -1 0.875
code__a__906 1 -0.75 -0.5 0.875
code__a__907 1 -0.75 0 0.875
code__a__908 1 -0.75 0.5 0.875
code__a__909 1 -0.75 1 0.875
code__a__910 1 -0.5 -1 0.875
code__a__911 1 -0.5 -0.5 0.875
code__a__912 1 -0.5 0 0.875
code__a__913 1 -0.5 0.5 0.875
code__a__914 1 -0.5 1 0.875
code__a__915 1 -0.25 -1 0.875
code__a__916 1 -0.25 -0.5 0.875
code__a__917 1 -0.25 0 0.875
code__a__918 1 -0.25 0.5 0.875
code__a__919 1 -0.25 1 0.875
code__a__920 1 0 -1 0.875
code__a__921 1 0 -0.5 0.875
code__a__922 1 0 0 0.875
code__a__923 1 0 0.5 0.875
code__a__924 1 0 1 0.875
code__a__925 1 0.25 -1 0.875
code__a__926 1 0.25 -0.5 0.875
code__a__927 1 0.25 0 0.875
code__a__928 1 0.25 0.5 0.875
code__a__929 1 0.25 1 0.875
code__a__930 1 0.5 -1 0.875
code__a__931 1 0.5 -0.5 0.875
code__a__932 1 0.5 0 0.875
code__a__933 1 0.5 0.5 0.875
code__a__934 1 0.5 1 0.875
code__a__935 1 0.75 -1 0.875
code__a__936 1 0.75 -0.5 0.875
code__a__937 1 0.75 0 0.875
code__a__938 1 0.75 0.5 0.875
code__a__939 1 0.75 1 0.875
code__a__940 1 1 -1 0.875
code__a__941 1 1 -0.5 0.875
code__a__942 1 1 0 0.875
code__a__943 1 1 0.5 0.875
code__a__944 1 1 1 0.875
code__a__945 1 -1 -1 1.125
code__a__946 1 -1 -0.5 1.125
code__a__947 1 -1 0 1.125
code__a__948 1 -1 0.5 1.125
code__a__949 1 -1 1 1.125
code__a__950 1 -0.75 -1 1.125
code__a__951 1 -0.75 -0.5 1.125
code__a__952 1 -0.75 0 1.125
code__a__953 1 -0.75 0.5 1.125
code__a__954 1 -0.75 1 1.125
code__a__955 1 -0.5 -1 1.125
code__a__956 1 -0.5 -0.5 1.125
code__a__957 1 -0.5 0 1.125
code__a__958 1 -0.5 0.5 1.125
code__a__959 1 -0.5 1 1.125
code__a__960 1 -0.25 -1 1.125
code__a__961 1 -0.25 -0.5 1.125
code__a__962 1 -0.25 0 1.125
code__a__963 1 -0.25 0.5 1.125
code__a__964 1 -0.25 1 1.125
code__a__965 1 0 -1 1.125
code__a__966 1 0 -0.5 1.125
code__a__967 1 0 0 1.125
code__a__968 1 0 0.5 1.125
code__a__969 1 0 1 1.125
code__a__970 1 0.25 -1 1.125
code__a__971 1 0.25 -0.5 1.125
code__a__972 1 0.25 0 1.125
code__a__973 1 0.25 0.5 1.125
code__a__974 1 0.25 1 1.125
code__a__975 1 0.5 -1 1.125
code__a__976 1 0.5 -0.5 1.125
code__a__977 1 0.5 0 1.125
code__a__978 1 0.5 0.5 1.125
code__a__979 1 0.5 1 1.125
code__a__980 1 0.75 -1 1.125
code__a__981 1 0.75 -0.5 1.125
code__a__982 1 0.75 0 1.125
code__a__983 1 0.75 0.5 1.125
code__a__984 1 0.75 1 1.125
code__a__985 1 1 -1 1.125
code__a__986 1 1 -0.5 1.125
code__a__987 1 1 0 1.125
code__a__988 1 1 0.5 1.125
code__a__989 1 1 1 1.125
code__a__990 1 -1 -1 1.375
code__a__991 1 -1 -0.5 1.375
code__a__992 1 -1 0 1.375
code__a__993 1 -1 0.5 1.375
code__a__994 1 -1 1 1.375
code__a__995 1 -0.75 -1 1.375
code__a__996 1 -0.75 -0.5 1.375
code__a__997 1 -0.75 0 1.375
code__a__998 1 -0.75 0.5 1.375
code__a__999 1 -0.75 1 1.375
code__a__1000 1 -0.5 -1 1.375
code__a__1001 1 -0.5 -0.5 1.375
code__a__1002 1 -0.5 0 1.375
code__a__1003 1 -0.5 0.5 1.375
code__a__1004 1 -0.5 1 1.375
code__a__1005 1 -0.25 -1 1.375
code__a__1006 1 -0.25 -0.5 1.375
code__a__1007 1 -0.25 0 1.375
code__a__1008 1 -0.25 0.5 1.375
code__a__1009 1 -0.25 1 1.375
code__a__1010 1 0 -1 1.375
code__a__1011 1 0 -0.5 1.375
code__a__1012 1 0 0 1.375
code__a__1013 1 0 0.5 1.375
code__a__1014 1 0 1 1.375
code__a__1015 1 0.25 -1 1.375
code__a__1016 1 0.25 -0.5 1.375
code__a__1017 1 0.25 0 1.375
code__a__1018 1 0.25 0.5 1.375
code__a__1019 1 0.25 1 1.375
code__a__1020 1 0.5 -1 1.375
code__a__1021 1 0.5 -0.5 1.375
code__a__1022 1 0.5 0 1.375
code__a__1023 1 0.5 0.5 1.375
code__a__1024 1 0.5 1 1.375
code__a__1025 1 0.75 -1 1.375
code__a__1026 1 0.75 -0.5 1.375
code__a__1027 1 0.75 0 1.375
code__a__1028 1 0.75 0.5 1.375
code__a__1029 1 0.75 1 1.375
code__a__1030 1 1 -1 1.375
code__a__1031 1 1 -0.5 1.375
code__a__1032 1 1 0 1.375
code__a__1033 1 1 0.5 1.375
code__a__1034 1 1 1 1.375
code__a__1035 1.5 -1 -1 0.625
code__a__1036 1.5 -1 -0.5 0.625
code__a__1037 1.5 -1 0 0.625
code__a__1038 1.5 -1 0.5 0.625
code__a__1039 1.5 -1 1 0.625
code__a__1040 1.5 -0.75 -1 0.625
code__a__1041 1.5 -0.75 -0.5 0.625
code__a__1042 1.5 -0.75 0 0.625
code__a__1043 1.5 -0.75 0.5 0.625
code__a__1044 1.5 -0.75 1 0.625
code__a__1045 1.5 -0.5 -1 0.625
code__a__1046 1.5 -0.5 -0.5 0.625
code__a__1047 1.5 -0.5 0 0.625
code__a__1048 1.5 -0.5 0.5 0.625
code__a__1049 1.5 -0.5 1 0.625
code__a__1050 1.5 -0.25 -1 0.625
code__a__1051 1.5 -0.25 -0.5 0.625
code__a__1052 1.5 -0.25 0 0.625
code__a__1053 1.5 -0.25 0.5 0.625
code__a__1054 1.5 -0.25 1 0.625
code__a__1055 1.5 0 -1 0.625
code__a__1056 1.5 0 -0.5 0.625
code__a__1057 1.5 0 0 0.625
code__a__1058 1.5 0 0.5 0.625
code__a__1059 1.5 0 1 0.625
code__a__1060 1.5 0.25 -1 0.625
code__a__1061 1.5 0.25 -0.5 0.625
code__a__1062 1.5 0.25 0 0.625
code__a__1063 1.5 0.25 0.5 0.625
code__a__1064 1.5 0.25 1 0.625
code__a__1065 1.5 0.5 -1 0.625
code__a__1066 1.5 0.5 -0.5 0.625
code__a__1067 1.5 0.5 0 0.625
code__a__1068 1.5 0.5 0.5 0.625
code__a__1069 1.5 0.5 1 0.625
code__a__1070 1.5 0.75 -1 0.625
code__a__1071 1.5 0.75 -0.5 0.625
code__a__1072 1.5 0.75 0 0.625
code__a__1073 1.5 0.75 0.5 0.625
code__a__1074 1.5 0.75 1 0.625
code__a__1075 1.5 1 -1 0.625
code__a__1076 1.5 1 -0.5 0.625
code__a__1077 1.5 1 0 0.625
code__a__1078 1.5 1 0.5 0.625
code__a__1079 1.5 1 1 0.625
code__a__1080 1.5 -1 -1 0.875
code__a__1081 1.5 -1 -0.5 0.875
code__a__1082 1.5 -1 0 0.875
code__a__1083 1.5 -1 0.5 0.875
code__a__1084 1.5 -1 1 0.875
code__a__1085 1.5 -0.75 -1 0.875
code__a__1086 1.5 -0.75 -0.5 0.875
code__a__1087 1.5 -0.75 0 0.875
code__a__1088 1.5 -0.75 0.5 0.875
code__a__1089 1.5 -0.75 1 0.875
code__a__1090 1.5 -0.5 -1 0.875
code__a__1091 1.5 -0.5 -0.5 0.875
code__a__1092 1.5 -0.5 0 0.875
code__a__1093 1.5 -0.5 0.5 0.875
code__a__1094 1.5 -0.5 1 0.875
code__a__1095 1.5 -0.25 -1 0.875
code__a__1096 1.5 -0.25 -0.5 0.875
code__a__1097 1.5 -0.25 0 0.875
code__a__1098 1.5 -0.25 0.5 0.875
code__a__1099 1.5 -0.25 1 0.875
code__a__1100 1.5 0 -1 0.875
code__a__1101 1.5 0 -0.5 0.875
code__a__1102 1.5 0 0 0.875
code__a__1103 1.5 0 0.5 0.875
code__a__1104 1.5 0 1 0.875
code__a__1105 1.5 0.25 -1 0.875
code__a__1106 1.5 0.25 -0.5 0.875
code__a__1107 1.5 0.25 0 0.875
code__a__1108 1.5 0.25 0.5 0.875
code__a__1109 1.5 0.25 1 0.875
code__a__1110 1.5 0.5 -1 0.875
code__a__1111 1.5 0.5 -0.5 0.875
code__a__1112 1.5 0.5 0 0.875
code__a__1113 1.5 0.5 0.5 0.875
code__a__1114 1.5 0.5 1 0.875
code__a__1115 1.5 0.75 -1 0.875
code__a__1116 1.5 0.75 -0.5 0.875
code__a__1117 1.5 0.75 0 0.875
code__a__1118 1.5 0.75 0.5 0.875
code__a__1119 1.5 0.75 1 0.875
code__a__1120 1.5 1 -1 0.875
code__a__1121 1.5 1 -0.5 0.875
code__a__1122 1.5 1 0 0.875
code__a__1123 1.5 1 0.5 0.875
code__a__1124 1.5 1 1 0.875
code__a__1125 1.5 -1 -1 1.125
code__a__1126 1.5 -1 -0.5 1.125
code__a__1127 1.5 -1 0 1.125
code__a__1128 1.5 -1 0.5 1.125
code__a__1129 1.5 -1 1 1.125
code__a__1130 1.5 -0.75 -1 1.125
code__a__1131 1.5 -0.75 -0.5 1.125
code__a__1132 1.5 -0.75 0 1.125
code__a__1133 1.5 -0.75 0.5 1.125
code__a__1134 1.5 -0.75 1 1.125
code__a__1135 1.5 -0.5 -1 1.125
code__a__1136 1.5 -0.5 -0.5 1.125
code__a__1137 1.5 -0.5 0 1.125
code__a__1138 1.5 -0.5 0.5 1.125
code__a__1139 1.5 -0.5 1 1.125
code__a__1140 1.5 -0.25 -1 1.125
code__a__1141 1.5 -0.25 -0.5 1.125
code__a__1142 1.5 -0.25 0 1.125
code__a__1143 1.5 -0.25 0.5 1.125
code__a__1144 1.5 -0.25 1 1.125
code__a__1145 1.5 0 -1 1.125
code__a__1146 1.5 0 -0.5 1.125
code__a__1147 1.5 0 0 1.125
code__a__1148 1.5 0 0.5 1.125
code__a__1149 1.5 0 1 1.125
code__a__1150 1.5 0.25 -1 1.125
code__a__1151 1.5 0.25 -0.5 1.125
code__a__1152 1.5 0.25 0 1.125
code__a__1153 1.5 0.25 0.5 1.125
code__a__1154 1.5 0.25 1 1.125
code__a__1155 1.5 0.5 -1 1.125
code__a__1156 1.5 0.5 -0.5 1.125
code__a__1157 1.5 0.5 0 1.125
code__a__1158 1.5 0.5 0.5 1.125
code__a__1159 1.5 0.5 1 1.125
code__a__1160 1.5 0.75 -1 1.125
code__a__1161 1.5 0.75 -0.5 1.125
code__a__1162 1.5 0.75 0 1.125
code__a__1163 1.5 0.75 0.5 1.125
code__a__1164 1.5 0.75 1 1.125
code__a__1165 1.5 1 -1 1.125
code__a__1166 1.5 1 -0.5 1.125
code__a__1167 1.5 1 0 1.125
code__a__1168 1.5 1 0.5 1.125
code__a__1169 1.5 1 1 1.125
code__a__1170 1.5 -1 -1 1.375
code__a__1171 1.5 -1 -0.5 1.375
code__a__1172 1.5 -1 0 1.375
code__a__1173 1.5 -1 0.5 1.375
code__a__1174 1.5 -1 1 1.375
code__a__1175 1.5 -0.75 -1 1.375
code__a__1176 1.5 -0.75 -0.5 1.375
code__a__1177 1.5 -0.75 0 1.375
code__a__1178 1.5 -0.75 0.5 1.375
code__a__1179 1.5 -0.75 1 1.375
code__a__1180 1.5 -0.5 -1 1.375
code__a__1181 1.5 -0.5 -0.5 1.375
code__a__1182 1.5 -0.5 0 1.375
code__a__1183 1.5 -0.5 0.5 1.375
code__a__1184 1.5 -0.5 1 1.375
code__a__1185 1.5 -0.25 -1 1.375
code__a__1186 1.5 -0.25 -0.5 1.375
code__a__1187 1.5 -0.25 0 1.375
code__a__1188 1.5 -0.25 0.5 1.375
code__a__1189 1.5 -0.25 1 1.375
code__a__1190 1.5 0 -1 1.375
code__a__1191 1.5 0 -0.5 1.375
code__a__1192 1.5 0 0 1.375
code__a__1193 1.5 0 0.5 1.375
code__a__1194 1.5 0 1 1.375
code__a__1195 1.5 0.25 -1 1.375
code__a__1196 1.5 0.25 -0.5 1.375
code__a__1197 1.5 0.25 0 1.375
code__a__1198 1.5 0.25 0.5 1.375
code__a__1199 1.5 0.25 1 1.375
code__a__1200 1.5 0.5 -1 1.375
code__a__1201 1.5 0.5 -0.5 1.375
code__a__1202 1.5 0.5 0 1.375
code__a__1203 1.5 0.5 0.5 1.375
code__a__1204 1.5 0.5 1 1.375
code__a__1205 1.5 0.75 -1 1.375
code__a__1206 1.5 0.75 -0.5 1.375
code__a__1207 1.5 0.75 0 1.375
code__a__1208 1.5 0.75 0.5 1.375
code__a__1209 1.5 0.75 1 1.375
code__a__1210 1.5 1 -1 1.375
code__a__1211 1.5 1 -0.5 1.375
code__a__1212 1.5 1 0 1.375
code__a__1213 1.5 1 0.5 1.375
code__a__1214 1.5 1 1 1.375
