output_folder min_soil_depth_frac log_ksat log_recession_coef stor_cap degree_day_factor
code__a__225 0.5 -0.5 -1 0.75 0.5
code__a__226 0.5 -0.5 -1 0.75 1
code__a__227 0.5 -0.5 -1 0.75 1.5
code__a__228 0.5 -0.5 -1 1.25 0.5
code__a__229 0.5 -0.5 -1 1.25 1
code__a__230 0.5 -0.5 -1 1.25 1.5
code__a__231 0.5 -0.5 -0.5 0.75 0.5
code__a__232 0.5 -0.5 -0.5 0.75 1
code__a__233 0.5 -0.5 -0.5 0.75 1.5
code__a__234 0.5 -0.5 -0.5 1.25 0.5
code__a__235 0.5 -0.5 -0.5 1.25 1
code__a__236 0.5 -0.5 -0.5 1.25 1.5
code__a__237 0.5 -0.5 0 0.75 0.5
code__a__238 0.5 -0.5 0 0.75 1
code__a__239 0.5 -0.5 0 0.75 1.5
code__a__240 0.5 -0.5 0 1.25 0.5
code__a__241 0.5 -0.5 0 1.25 1
code__a__242 0.5 -0.5 0 1.25 1.5
code__a__243 0.5 -0.5 0.5 0.75 0.5
code__a__244 0.5 -0.5 0.5 0.75 1
code__a__245 0.5 -0.5 0.5 0.75 1.5
code__a__246 0.5 -0.5 0.5 1.25 0.5
code__a__247 0.5 -0.5 0.5 1.25 1
code__a__248 0.5 -0.5 0.5 1.25 1.5
code__a__249 0.5 -0.5 1 0.75 0.5
code__a__250 0.5 -0.5 1 0.75 1
code__a__251 0.5 -0.5 1 0.75 1.5
code__a__252 0.5 -0.5 1 1.25 0.5
code__a__253 0.5 -0.5 1 1.25 1
code__a__254 0.5 -0.5 1 1.25 1.5
code__a__255 0.5 -0.25 -1 0.75 0.5
code__a__256 0.5 -0.25 -1 0.75 1
code__a__257 0.5 -0.25 -1 0.75 1.5
code__a__258 0.5 -0.25 -1 1.25 0.5
code__a__259 0.5 -0.25 -1 1.25 1
code__a__260 0.5 -0.25 -1 1.25 1.5
code__a__261 0.5 -0.25 -0.5 0.75 0.5
code__a__262 0.5 -0.25 -0.5 0.75 1
code__a__263 0.5 -0.25 -0.5 0.75 1.5
code__a__264 0.5 -0.25 -0.5 1.25 0.5
code__a__265 0.5 -0.25 -0.5 1.25 1
code__a__266 0.5 -0.25 -0.5 1.25 1.5
code__a__267 0.5 -0.25 0 0.75 0.5
code__a__268 0.5 -0.25 0 0.75 1
code__a__269 0.5 -0.25 0 0.75 1.5
code__a__270 0.5 -0.25 0 1.25 0.5
code__a__271 0.5 -0.25 0 1.25 1
code__a__272 0.5 -0.25 0 1.25 1.5
code__a__273 0.5 -0.25 0.5 0.75 0.5
code__a__274 0.5 -0.25 0.5 0.75 1
code__a__275 0.5 -0.25 0.5 0.75 1.5
code__a__276 0.5 -0.25 0.5 1.25 0.5
code__a__277 0.5 -0.25 0.5 1.25 1
code__a__278 0.5 -0.25 0.5 1.25 1.5
code__a__279 0.5 -0.25 1 0.75 0.5
code__a__280 0.5 -0.25 1 0.75 1
code__a__281 0.5 -0.25 1 0.75 1.5
code__a__282 0.5 -0.25 1 1.25 0.5
code__a__283 0.5 -0.25 1 1.25 1
code__a__284 0.5 -0.25 1 1.25 1.5
code__a__285 0.5 0 -1 0.75 0.5
code__a__286 0.5 0 -1 0.75 1
code__a__287 0.5 0 -1 0.75 1.5
code__a__288 0.5 0 -1 1.25 0.5
code__a__289 0.5 0 -1 1.25 1
code__a__290 0.5 0 -1 1.25 1.5
code__a__291 0.5 0 -0.5 0.75 0.5
code__a__292 0.5 0 -0.5 0.75 1
code__a__293 0.5 0 -0.5 0.75 1.5
code__a__294 0.5 0 -0.5 1.25 0.5
code__a__295 0.5 0 -0.5 1.25 1
code__a__296 0.5 0 -0.5 1.25 1.5
code__a__297 0.5 0 0 0.75 0.5
code__a__298 0.5 0 0 0.75 1
code__a__299 0.5 0 0 0.75 1.5
code__a__300 0.5 0 0 1.25 0.5
code__a__301 0.5 0 0 1.25 1
code__a__302 0.5 0 0 1.25 1.5
code__a__303 0.5 0 0.5 0.75 0.5
code__a__304 0.5 0 0.5 0.75 1
code__a__305 0.5 0 0.5 0.75 1.5
code__a__306 0.5 0 0.5 1.25 0.5
code__a__307 0.5 0 0.5 1.25 1
code__a__308 0.5 0 0.5 1.25 1.5
code__a__309 0.5 0 1 0.75 0.5
code__a__310 0.5 0 1 0.75 1
code__a__311 0.5 0 1 0.75 1.5
code__a__312 0.5 0 1 1.25 0.5
code__a__313 0.5 0 1 1.25 1
code__a__314 0.5 0 1 1.25 1.5
code__a__315 0.5 0.25 -1 0.75 0.5
code__a__316 0.5 0.25 -1 0.75 1
code__a__317 0.5 0.25 -1 0.75 1.5
code__a__318 0.5 0.25 -1 1.25 0.5
code__a__319 0.5 0.25 -1 1.25 1
code__a__320 0.5 0.25 -1 1.25 1.5
code__a__321 0.5 0.25 -0.5 0.75 0.5
code__a__322 0.5 0.25 -0.5 0.75 1
code__a__323 0.5 0.25 -0.5 0.75 1.5
code__a__324 0.5 0.25 -0.5 1.25 0.5
code__a__325 0.5 0.25 -0.5 1.25 1
code__a__326 0.5 0.25 -0.5 1.25 1.5
code__a__327 0.5 0.25 0 0.75 0.5
code__a__328 0.5 0.25 0 0.75 1
code__a__329 0.5 0.25 0 0.75 1.5
code__a__330 0.5 0.25 0 1.25 0.5
code__a__331 0.5 0.25 0 1.25 1
code__a__332 0.5 0.25 0 1.25 1.5
code__a__333 0.5 0.25 0.5 0.75 0.5
code__a__334 0.5 0.25 0.5 0.75 1
code__a__335 0.5 0.25 0.5 0.75 1.5
code__a__336 0.5 0.25 0.5 1.25 0.5
code__a__337 0.5 0.25 0.5 1.25 1
code__a__338 0.5 0.25 0.5 1.25 1.5
code__a__339 0.5 0.25 1 0.75 0.5
code__a__340 0.5 0.25 1 0.75 1
code__a__341 0.5 0.25 1 0.75 1.5
code__a__342 0.5 0.25 1 1.25 0.5
code__a__343 0.5 0.25 1 1.25 1
code__a__344 0.5 0.25 1 1.25 1.5
code__a__345 0.5 0.5 -1 0.75 0.5
code__a__346 0.5 0.5 -1 0.75 1
code__a__347 0.5 0.5 -1 0.75 1.5
code__a__348 0.5 0.5 -1 1.25 0.5
code__a__349 0.5 0.5 -1 1.25 1
code__a__350 0.5 0.5 -1 1.25 1.5
code__a__351 0.5 0.5 -0.5 0.75 0.5
code__a__352 0.5 0.5 -0.5 0.75 1
code__a__353 0.5 0.5 -0.5 0.75 1.5
code__a__354 0.5 0.5 -0.5 1.25 0.5
code__a__355 0.5 0.5 -0.5 1.25 1
code__a__356 0.5 0.5 -0.5 1.25 1.5
code__a__357 0.5 0.5 0 0.75 0.5
code__a__358 0.5 0.5 0 0.75 1
code__a__359 0.5 0.5 0 0.75 1.5
code__a__360 0.5 0.5 0 1.25 0.5
code__a__361 0.5 0.5 0 1.25 1
code__a__362 0.5 0.5 0 1.25 1.5
code__a__363 0.5 0.5 0.5 0.75 0.5
code__a__364 0.5 0.5 0.5 0.75 1
code__a__365 0.5 0.5 0.5 0.75 1.5
code__a__366 0.5 0.5 0.5 1.25 0.5
code__a__367 0.5 0.5 0.5 1.25 1
code__a__368 0.5 0.5 0.5 1.25 1.5
code__a__369 0.5 0.5 1 0.75 0.5
code__a__370 0.5 0.5 1 0.75 1
code__a__371 0.5 0.5 1 0.75 1.5
code__a__372 0.5 0.5 1 1.25 0.5
code__a__373 0.5 0.5 1 1.25 1
code__a__374 0.5 0.5 1 1.25 1.5
code__a__375 1 -0.5 -1 0.75 0.5
code__a__376 1 -0.5 -1 0.75 1
code__a__377 1 -0.5 -1 0.75 1.5
code__a__378 1 -0.5 -1 1.25 0.5
code__a__379 1 -0.5 -1 1.25 1
code__a__380 1 -0.5 -1 1.25 1.5
code__a__381 1 -0.5 -0.5 0.75 0.5
code__a__382 1 -0.5 -0.5 0.75 1
code__a__383 1 -0.5 -0.5 0.75 1.5
code__a__384 1 -0.5 -0.5 1.25 0.5
code__a__385 1 -0.5 -0.5 1.25 1
code__a__386 1 -0.5 -0.5 1.25 1.5
code__a__387 1 -0.5 0 0.75 0.5
code__a__388 1 -0.5 0 0.75 1
code__a__389 1 -0.5 0 0.75 1.5
code__a__390 1 -0.5 0 1.25 0.5
code__a__391 1 -0.5 0 1.25 1
code__a__392 1 -0.5 0 1.25 1.5
code__a__393 1 -0.5 0.5 0.75 0.5
code__a__394 1 -0.5 0.5 0.75 1
code__a__395 1 -0.5 0.5 0.75 1.5
code__a__396 1 -0.5 0.5 1.25 0.5
code__a__397 1 -0.5 0.5 1.25 1
code__a__398 1 -0.5 0.5 1.25 1.5
code__a__399 1 -0.5 1 0.75 0.5
code__a__400 1 -0.5 1 0.75 1
code__a__401 1 -0.5 1 0.75 1.5
code__a__402 1 -0.5 1 1.25 0.5
code__a__403 1 -0.5 1 1.25 1
code__a__404 1 -0.5 1 1.25 1.5
code__a__405 1 -0.25 -1 0.75 0.5
code__a__406 1 -0.25 -1 0.75 1
code__a__407 1 -0.25 -1 0.75 1.5
code__a__408 1 -0.25 -1 1.25 0.5
code__a__409 1 -0.25 -1 1.25 1
code__a__410 1 -0.25 -1 1.25 1.5
code__a__411 1 -0.25 -0.5 0.75 0.5
code__a__412 1 -0.25 -0.5 0.75 1
code__a__413 1 -0.25 -0.5 0.75 1.5
code__a__414 1 -0.25 -0.5 1.25 0.5
code__a__415 1 -0.25 -0.5 1.25 1
code__a__416 1 -0.25 -0.5 1.25 1.5
code__a__417 1 -0.25 0 0.75 0.5
code__a__418 1 -0.25 0 0.75 1
code__a__419 1 -0.25 0 0.75 1.5
code__a__420 1 -0.25 0 1.25 0.5
code__a__421 1 -0.25 0 1.25 1
code__a__422 1 -0.25 0 1.25 1.5
code__a__423 1 -0.25 0.5 0.75 0.5
code__a__424 1 -0.25 0.5 0.75 1
code__a__425 1 -0.25 0.5 0.75 1.5
code__a__426 1 -0.25 0.5 1.25 0.5
code__a__427 1 -0.25 0.5 1.25 1
code__a__428 1 -0.25 0.5 1.25 1.5
code__a__429 1 -0.25 1 0.75 0.5
code__a__430 1 -0.25 1 0.75 1
code__a__431 1 -0.25 1 0.75 1.5
code__a__432 1 -0.25 1 1.25 0.5
code__a__433 1 -0.25 1 1.25 1
code__a__434 1 -0.25 1 1.25 1.5
code__a__435 1 0 -1 0.75 0.5
code__a__436 1 0 -1 0.75 1
code__a__437 1 0 -1 0.75 1.5
code__a__438 1 0 -1 1.25 0.5
code__a__439 1 0 -1 1.25 1
code__a__440 1 0 -1 1.25 1.5
code__a__441 1 0 -0.5 0.75 0.5
code__a__442 1 0 -0.5 0.75 1
code__a__443 1 0 -0.5 0.75 1.5
code__a__444 1 0 -0.5 1.25 0.5
code__a__445 1 0 -0.5 1.25 1
code__a__446 1 0 -0.5 1.25 1.5
code__a__447 1 0 0 0.75 0.5
code__a__448 1 0 0 0.75 1
code__a__449 1 0 0 0.75 1.5
code__a__450 1 0 0 1.25 0.5
code__a__451 1 0 0 1.25 1
code__a__452 1 0 0 1.25 1.5
code__a__453 1 0 0.5 0.75 0.5
code__a__454 1 0 0.5 0.75 1
code__a__455 1 0 0.5 0.75 1.5
code__a__456 1 0 0.5 1.25 0.5
code__a__457 1 0 0.5 1.25 1
code__a__458 1 0 0.5 1.25 1.5
code__a__459 1 0 1 0.75 0.5
code__a__460 1 0 1 0.75 1
code__a__461 1 0 1 0.75 1.5
code__a__462 1 0 1 1.25 0.5
code__a__463 1 0 1 1.25 1
code__a__464 1 0 1 1.25 1.5
code__a__465 1 0.25 -1 0.75 0.5
code__a__466 1 0.25 -1 0.75 1
code__a__467 1 0.25 -1 0.75 1.5
code__a__468 1 0.25 -1 1.25 0.5
code__a__469 1 0.25 -1 1.25 1
code__a__470 1 0.25 -1 1.25 1.5
code__a__471 1 0.25 -0.5 0.75 0.5
code__a__472 1 0.25 -0.5 0.75 1
code__a__473 1 0.25 -0.5 0.75 1.5
code__a__474 1 0.25 -0.5 1.25 0.5
code__a__475 1 0.25 -0.5 1.25 1
code__a__476 1 0.25 -0.5 1.25 1.5
code__a__477 1 0.25 0 0.75 0.5
code__a__478 1 0.25 0 0.75 1
code__a__479 1 0.25 0 0.75 1.5
code__a__480 1 0.25 0 1.25 0.5
code__a__481 1 0.25 0 1.25 1
code__a__482 1 0.25 0 1.25 1.5
code__a__483 1 0.25 0.5 0.75 0.5
code__a__484 1 0.25 0.5 0.75 1
code__a__485 1 0.25 0.5 0.75 1.5
code__a__486 1 0.25 0.5 1.25 0.5
code__a__487 1 0.25 0.5 1.25 1
code__a__488 1 0.25 0.5 1.25 1.5
code__a__489 1 0.25 1 0.75 0.5
code__a__490 1 0.25 1 0.75 1
code__a__491 1 0.25 1 0.75 1.5
code__a__492 1 0.25 1 1.25 0.5
code__a__493 1 0.25 1 1.25 1
code__a__494 1 0.25 1 1.25 1.5
code__a__495 1 0.5 -1 0.75 0.5
code__a__496 1 0.5 -1 0.75 1
code__a__497 1 0.5 -1 0.75 1.5
code__a__498 1 0.5 -1 1.25 0.5
code__a__499 1 0.5 -1 1.25 1
code__a__500 1 0.5 -1 1.25 1.5
code__a__501 1 0.5 -0.5 0.75 0.5
code__a__502 1 0.5 -0.5 0.75 1
code__a__503 1 0.5 -0.5 0.75 1.5
code__a__504 1 0.5 -0.5 1.25 0.5
code__a__505 1 0.5 -0.5 1.25 1
code__a__506 1 0.5 -0.5 1.25 1.5
code__a__507 1 0.5 0 0.75 0.5
code__a__508 1 0.5 0 0.75 1
code__a__509 1 0.5 0 0.75 1.5
code__a__510 1 0.5 0 1.25 0.5
code__a__511 1 0.5 0 1.25 1
code__a__512 1 0.5 0 1.25 1.5
code__a__513 1 0.5 0.5 0.75 0.5
code__a__514 1 0.5 0.5 0.75 1
code__a__515 1 0.5 0.5 0.75 1.5
code__a__516 1 0.5 0.5 1.25 0.5
code__a__517 1 0.5 0.5 1.25 1
code__a__518 1 0.5 0.5 1.25 1.5
code__a__519 1 0.5 1 0.75 0.5
code__a__520 1 0.5 1 0.75 1
code__a__521 1 0.5 1 0.75 1.5
code__a__522 1 0.5 1 1.25 0.5
code__a__523 1 0.5 1 1.25 1
code__a__524 1 0.5 1 1.25 1.5
code__a__525 1.5 -0.5 -1 0.75 0.5
code__a__526 1.5 -0.5 -1 0.75 1
code__a__527 1.5 -0.5 -1 0.75 1.5
code__a__528 1.5 -0.5 -1 1.25 0.5
code__a__529 1.5 -0.5 -1 1.25 1
code__a__530 1.5 -0.5 -1 1.25 1.5
code__a__531 1.5 -0.5 -0.5 0.75 0.5
code__a__532 1.5 -0.5 -0.5 0.75 1
code__a__533 1.5 -0.5 -0.5 0.75 1.5
code__a__534 1.5 -0.5 -0.5 1.25 0.5
code__a__535 1.5 -0.5 -0.5 1.25 1
code__a__536 1.5 -0.5 -0.5 1.25 1.5
code__a__537 1.5 -0.5 0 0.75 0.5
code__a__538 1.5 -0.5 0 0.75 1
code__a__539 1.5 -0.5 0 0.75 1.5
code__a__540 1.5 -0.5 0 1.25 0.5
code__a__541 1.5 -0.5 0 1.25 1
code__a__542 1.5 -0.5 0 1.25 1.5
code__a__543 1.5 -0.5 0.5 0.75 0.5
code__a__544 1.5 -0.5 0.5 0.75 1
code__a__545 1.5 -0.5 0.5 0.75 1.5
code__a__546 1.5 -0.5 0.5 1.25 0.5
code__a__547 1.5 -0.5 0.5 1.25 1
code__a__548 1.5 -0.5 0.5 1.25 1.5
code__a__549 1.5 -0.5 1 0.75 0.5
code__a__550 1.5 -0.5 1 0.75 1
code__a__551 1.5 -0.5 1 0.75 1.5
code__a__552 1.5 -0.5 1 1.25 0.5
code__a__553 1.5 -0.5 1 1.25 1
code__a__554 1.5 -0.5 1 1.25 1.5
code__a__555 1.5 -0.25 -1 0.75 0.5
code__a__556 1.5 -0.25 -1 0.75 1
code__a__557 1.5 -0.25 -1 0.75 1.5
code__a__558 1.5 -0.25 -1 1.25 0.5
code__a__559 1.5 -0.25 -1 1.25 1
code__a__560 1.5 -0.25 -1 1.25 1.5
code__a__561 1.5 -0.25 -0.5 0.75 0.5
code__a__562 1.5 -0.25 -0.5 0.75 1
code__a__563 1.5 -0.25 -0.5 0.75 1.5
code__a__564 1.5 -0.25 -0.5 1.25 0.5
code__a__565 1.5 -0.25 -0.5 1.25 1
code__a__566 1.5 -0.25 -0.5 1.25 1.5
code__a__567 1.5 -0.25 0 0.75 0.5
code__a__568 1.5 -0.25 0 0.75 1
code__a__569 1.5 -0.25 0 0.75 1.5
code__a__570 1.5 -0.25 0 1.25 0.5
code__a__571 1.5 -0.25 0 1.25 1
code__a__572 1.5 -0.25 0 1.25 1.5
code__a__573 1.5 -0.25 0.5 0.75 0.5
code__a__574 1.5 -0.25 0.5 0.75 1
code__a__575 1.5 -0.25 0.5 0.75 1.5
code__a__576 1.5 -0.25 0.5 1.25 0.5
code__a__577 1.5 -0.25 0.5 1.25 1
code__a__578 1.5 -0.25 0.5 1.25 1.5
code__a__579 1.5 -0.25 1 0.75 0.5
code__a__580 1.5 -0.25 1 0.75 1
code__a__581 1.5 -0.25 1 0.75 1.5
code__a__582 1.5 -0.25 1 1.25 0.5
code__a__583 1.5 -0.25 1 1.25 1
code__a__584 1.5 -0.25 1 1.25 1.5
code__a__585 1.5 0 -1 0.75 0.5
code__a__586 1.5 0 -1 0.75 1
code__a__587 1.5 0 -1 0.75 1.5
code__a__588 1.5 0 -1 1.25 0.5
code__a__589 1.5 0 -1 1.25 1
code__a__590 1.5 0 -1 1.25 1.5
code__a__591 1.5 0 -0.5 0.75 0.5
code__a__592 1.5 0 -0.5 0.75 1
code__a__593 1.5 0 -0.5 0.75 1.5
code__a__594 1.5 0 -0.5 1.25 0.5
code__a__595 1.5 0 -0.5 1.25 1
code__a__596 1.5 0 -0.5 1.25 1.5
code__a__597 1.5 0 0 0.75 0.5
code__a__598 1.5 0 0 0.75 1
code__a__599 1.5 0 0 0.75 1.5
code__a__600 1.5 0 0 1.25 0.5
code__a__601 1.5 0 0 1.25 1
code__a__602 1.5 0 0 1.25 1.5
code__a__603 1.5 0 0.5 0.75 0.5
code__a__604 1.5 0 0.5 0.75 1
code__a__605 1.5 0 0.5 0.75 1.5
code__a__606 1.5 0 0.5 1.25 0.5
code__a__607 1.5 0 0.5 1.25 1
code__a__608 1.5 0 0.5 1.25 1.5
code__a__609 1.5 0 1 0.75 0.5
code__a__610 1.5 0 1 0.75 1
code__a__611 1.5 0 1 0.75 1.5
code__a__612 1.5 0 1 1.25 0.5
code__a__613 1.5 0 1 1.25 1
code__a__614 1.5 0 1 1.25 1.5
code__a__615 1.5 0.25 -1 0.75 0.5
code__a__616 1.5 0.25 -1 0.75 1
code__a__617 1.5 0.25 -1 0.75 1.5
code__a__618 1.5 0.25 -1 1.25 0.5
code__a__619 1.5 0.25 -1 1.25 1
code__a__620 1.5 0.25 -1 1.25 1.5
code__a__621 1.5 0.25 -0.5 0.75 0.5
code__a__622 1.5 0.25 -0.5 0.75 1
code__a__623 1.5 0.25 -0.5 0.75 1.5
code__a__624 1.5 0.25 -0.5 1.25 0.5
code__a__625 1.5 0.25 -0.5 1.25 1
code__a__626 1.5 0.25 -0.5 1.25 1.5
code__a__627 1.5 0.25 0 0.75 0.5
code__a__628 1.5 0.25 0 0.75 1
code__a__629 1.5 0.25 0 0.75 1.5
code__a__630 1.5 0.25 0 1.25 0.5
code__a__631 1.5 0.25 0 1.25 1
code__a__632 1.5 0.25 0 1.25 1.5
code__a__633 1.5 0.25 0.5 0.75 0.5
code__a__634 1.5 0.25 0.5 0.75 1
code__a__635 1.5 0.25 0.5 0.75 1.5
code__a__636 1.5 0.25 0.5 1.25 0.5
code__a__637 1.5 0.25 0.5 1.25 1
code__a__638 1.5 0.25 0.5 1.25 1.5
code__a__639 1.5 0.25 1 0.75 0.5
code__a__640 1.5 0.25 1 0.75 1
code__a__641 1.5 0.25 1 0.75 1.5
code__a__642 1.5 0.25 1 1.25 0.5
code__a__643 1.5 0.25 1 1.25 1
code__a__644 1.5 0.25 1 1.25 1.5
code__a__645 1.5 0.5 -1 0.75 0.5
code__a__646 1.5 0.5 -1 0.75 1
code__a__647 1.5 0.5 -1 0.75 1.5
code__a__648 1.5 0.5 -1 1.25 0.5
code__a__649 1.5 0.5 -1 1.25 1
code__a__650 1.5 0.5 -1 1.25 1.5
code__a__651 1.5 0.5 -0.5 0.75 0.5
code__a__652 1.5 0.5 -0.5 0.75 1
code__a__653 1.5 0.5 -0.5 0.75 1.5
code__a__654 1.5 0.5 -0.5 1.25 0.5
code__a__655 1.5 0.5 -0.5 1.25 1
code__a__656 1.5 0.5 -0.5 1.25 1.5
code__a__657 1.5 0.5 0 0.75 0.5
code__a__658 1.5 0.5 0 0.75 1
code__a__659 1.5 0.5 0 0.75 1.5
code__a__660 1.5 0.5 0 1.25 0.5
code__a__661 1.5 0.5 0 1.25 1
code__a__662 1.5 0.5 0 1.25 1.5
code__a__663 1.5 0.5 0.5 0.75 0.5
code__a__664 1.5 0.5 0.5 0.75 1
code__a__665 1.5 0.5 0.5 0.75 1.5
code__a__666 1.5 0.5 0.5 1.25 0.5
code__a__667 1.5 0.5 0.5 1.25 1
code__a__668 1.5 0.5 0.5 1.25 1.5
code__a__669 1.5 0.5 1 0.75 0.5
code__a__670 1.5 0.5 1 0.75 1
code__a__671 1.5 0.5 1 0.75 1.5
code__a__672 1.5 0.5 1 1.25 0.5
code__a__673 1.5 0.5 1 1.25 1
code__a__674 1.5 0.5 1 1.25 1.5
